A=[5 6;76 8]
B=[56 6;7 8]