A=[5 6;7 8]
B=[56 6;7 8]